[-3.41 11.28  1.59]
[-3.26 10.35  1.77]
[-3.11  9.43  1.94]
[-2.96  8.52  2.07]
[-2.81  7.63  2.19]
[-2.66  6.75  2.28]
[-2.52  5.89  2.35]
[-2.38  5.04  2.4 ]
[-2.24  4.2   2.43]
[-2.1   3.38  2.44]
[-1.96  2.56  2.43]
[-1.83  1.77  2.4 ]
[-1.7   0.98  2.36]
[-1.57  0.2   2.29]
[-1.45 -0.56  2.21]
[-1.32 -1.31  2.11]
[-1.2  -2.05  2.  ]
[-1.08 -2.77  1.87]
[-0.96 -3.49  1.72]
[-0.84 -4.19  1.56]
[-0.72 -4.89  1.39]
[-0.61 -5.57  1.2 ]
[-0.5  -6.24  0.99]
[-0.39 -6.91  0.78]
[-0.28 -7.56  0.55]
[-0.17 -8.2   0.31]
[-0.07 -8.83  0.05]
[-0.01 -9.16  0.08]
[ 0.03 -9.45  0.13]
[ 0.08 -9.75  0.17]
[  0.13 -10.04   0.19]
[  0.18 -10.33   0.2 ]
[  0.23 -10.62   0.2 ]
[  0.28 -10.91   0.19]
[  0.33 -11.2    0.16]
[  0.37 -11.48   0.12]
[  0.42 -11.77   0.07]
[  0.46 -12.02   0.04]
[  0.5  -12.23   0.04]
[  0.53 -12.43   0.04]
[  0.56 -12.62   0.03]
[  0.59 -12.79   0.03]
[  0.62 -12.95   0.03]
[  0.64 -13.1    0.03]
[  0.66 -13.24   0.03]
[  0.69 -13.36   0.03]
[  0.7  -13.48   0.03]
[  0.72 -13.58   0.03]
[  0.74 -13.67   0.03]
[  0.75 -13.75   0.03]
[  0.76 -13.82   0.03]
[  0.77 -13.89   0.03]
[  0.78 -13.96   0.03]
[  0.8  -14.02   0.03]
[  0.81 -14.09   0.03]
[  0.82 -14.16   0.03]
[  0.83 -14.22   0.03]
[  0.84 -14.29   0.03]
[  0.85 -14.35   0.03]
[  0.86 -14.41   0.03]
[  0.87 -14.48   0.03]
[  0.88 -14.54   0.03]
[  0.89 -14.6    0.03]
[  0.9  -14.66   0.03]
[  0.91 -14.73   0.03]
[  0.92 -14.79   0.03]
[  0.93 -14.85   0.03]
[  0.94 -14.91   0.03]
[  0.95 -14.97   0.03]
[-0.09 11.06  1.52]
[-0.03 10.12  1.69]
[0.02 9.19 1.84]
[0.08 8.27 1.96]
[0.14 7.37 2.06]
[0.19 6.49 2.14]
[0.25 5.62 2.19]
[0.3  4.76 2.22]
[0.35 3.91 2.23]
[0.4  3.08 2.22]
[0.46 2.26 2.2 ]
[0.51 1.46 2.15]
[0.55 0.67 2.08]
[ 0.6  -0.11  1.99]
[ 0.65 -0.88  1.89]
[ 0.7  -1.64  1.77]
[ 0.74 -2.38  1.63]
[ 0.79 -3.11  1.48]
[ 0.83 -3.83  1.31]
[ 0.88 -4.54  1.13]
[ 0.92 -5.24  0.93]
[ 0.97 -5.93  0.72]
[ 1.01 -6.6   0.49]
[ 1.05 -7.26  0.25]
[ 1.09 -7.92  0.04]
[ 1.13 -8.56  0.09]
[ 1.17 -9.2   0.13]
[ 1.21 -9.83  0.15]
[  1.25 -10.45   0.15]
[  1.29 -11.06   0.14]
[  1.32 -11.67   0.12]
[  1.36 -12.27   0.07]
[  1.4  -12.84   0.04]
[  1.43 -13.36   0.04]
[  1.46 -13.86   0.03]
[  1.49 -14.34   0.03]
[  1.52 -14.79   0.03]
[  1.54 -15.23   0.03]
[  1.57 -15.66   0.03]
[  1.6  -16.06   0.03]
[  1.62 -16.45   0.03]
[  1.64 -16.82   0.03]
[  1.67 -17.18   0.03]
[  1.69 -17.53   0.03]
[  1.71 -17.85   0.03]
[  1.73 -18.17   0.03]
[  1.75 -18.47   0.03]
[  1.76 -18.75   0.03]
[  1.78 -19.02   0.03]
[  1.8  -19.28   0.03]
[  1.81 -19.52   0.03]
[  1.83 -19.76   0.03]
[  1.84 -19.98   0.03]
[  1.85 -20.18   0.03]
[  1.87 -20.38   0.03]
[  1.88 -20.56   0.03]
[  1.89 -20.73   0.03]
[  1.9  -20.89   0.03]
[  1.91 -21.04   0.03]
[  1.91 -21.17   0.03]
[  1.92 -21.29   0.03]
[  1.93 -21.41   0.03]
[  1.94 -21.51   0.03]
[  1.94 -21.6    0.03]
[  1.95 -21.68   0.03]
[  1.95 -21.75   0.03]
[  1.95 -21.81   0.03]
[  1.96 -21.88   0.03]
[ 1.84 11.41  1.52]
[ 1.68 10.54  1.71]
[1.53 9.68 1.87]
[1.38 8.83 2.01]
[1.23 7.99 2.13]
[1.09 7.17 2.22]
[0.94 6.36 2.3 ]
[0.8  5.56 2.35]
[0.66 4.77 2.39]
[0.52 3.99 2.4 ]
[0.39 3.23 2.4 ]
[0.25 2.47 2.38]
